========= COMPUTE-SANITIZER
Input data:
Batch 0: 822 387 859 746 628 204 928 273 890 498 201 936 173 163 202 507 505 963 601 116 640 230 936 809 581 665 120 890 951 504 339 124 242 197 869 870 752 148 142 993 645 342 929 817 857 482 675 361 444 628 476 435 857 763 243 789 427 363 678 729 218 16 205 459 564 425 328 668 573 822 660 217 163 588 386 371 70 412 731 865 39 558 652 248 673 894 36 99 608 714 180 177 81 384 636 997 808 315 664 732 136 323 949 651 263 686 21 684 97 104 548 136 13 199 383 685 445 418 136 404 483 315 581 916 50 216 912 209 530 927 941 18 249 241 668 511 926 688 546 22 791 446 509 804 644 891 840 440 661 975 844 495 641 776 410 42 343 673 251 872 599 543 241 200 783 908 62 708 948 608 81 738 53 590 893 48 832 85 488 844 59 683 691 52 458 100 93 152 125 695 23 75 237 616 274 371 523 336 78 470 943 511 560 995 100 804 394 283 888 881 479 299 915 169 702 724 620 794 875 744 841 250 819 429 865 444 800 739 779 877 209 73 739 120 419 190 923 813 473 163 45 951 461 960 119 162 35 738 307 262 834 499 511 4 928 727 447 727 465 578 955 25 2 694 144 421 235 419 233 707 933 629 9 393 940 479 906 975 569 564 236 402 415 98 757 342 176 555 420 640 132 726 17 134 771 512 554 6 930 138 712 862 766 73 606 706 551 863 32 119 779 619 872 193 68 628 886 243 183 657 882 666 382 250 799 153 762 704 158 43 193 221 905 311 293 862 368 196 77 751 666 207 369 538 751 436 517 636 30 699 292 263 717 25 513 867 177 274 571 334 316 115 907 572 425 551 786 144 746 214 894 412 420 262 301 170 49 817 157 78 868 800 341 584 824 205 450 353 478 372 38 145 839 944 717 615 495 854 759 592 67 652 3 486 266 303 7 666 472 163 96 339 314 436 922 489 992 723 841 469 447 879 965 285 174 33 899 20 886 657 612 952 661 614 789 926 269 147 591 740 661 686 430 974 473 703 463 464 425 655 284 223 533 601 507 59 633 406 78 519 414 689 822 74 655 963 351 275 109 942 366 770 979 795 95 804 849 557 619 625 564 255 848 96 855 354 506 839 759 584 357 525 624 531 598 630 845 949 904 953 242 621 74 572 767 169 375 615 77 346 240 640 952 87 88 806 792 593 644 903 528 353 427 504 235 24 133 431 324 37 735 565 9 809 137 776 329 863 390 757 560 981 397 511 67 836 668 859 780 664 113 308 16 539 163 602 914 295 32 238 683 766 802 692 926 290 467 254 505 856 11 64 837 759 927 255 594 594 465 725 257 577 384 624 115 546 225 29 841 608 618 523 726 771 214 651 61 680 257 917 888 619 332 76 377 258 330 322 204 147 46 812 723 782 436 190 327 12 570 167 972 187 42 697 957 255 347 369 287 955 637 526 573 321 601 301 578 282 974 133 780 372 945 855 153 380 44 479 743 965 998 714 503 39 410 811 645 109 532 283 63 168 808 988 488 760 288 418 394 262 902 173 633 846 27 137 577 422 615 672 738 964 385 240 2 147 403 999 255 934 633 669 453 441 8 293 552 648 62 945 261 963 470 245 161 848 381 737 622 347 408 359 311 145 951 664 291 353 14 897 286 647 917 738 87 925 30 990 572 91 287 184 406 756 428 566 603 808 654 224 154 62 935 816 558 885 480 848 237 493 96 522 139 12 611 577 288 993 567 211 83 853 394 488 960 821 405 562 628 59 138 134 472 72 949 29 956 780 228 544 273 323 65 763 686 27 340 974 19 258 536 102 462 930 941 421 102 698 334 730 756 823 215 227 894 163 607 201 943 834 744 567 508 160 329 545 187 20 870 205 277 406 658 738 335 951 510 436 648 844 517 403 666 83 981 912 598 939 464 892 772 208 458 631 719 138 175 905 158 45 462 786 802 119 524 136 421 385 923 68 580 792 822 246 874 154 509 471 92 972 362 215 531 171 845 250 309 372 506 818 768 967 603 569 438 478 56 858 863 330 278 442 121 451 39 347 957 547 169 400 871 883 615 753 53 811 2 713 534 508 530 301 826 133 869 615 962 276 825 824 606 454 266 726 904 656 424 212 555 593 612 425 475 578 177 879 740 531 944 274 390 473 574 215 957 795 182 919 70 6 94 675 459 711 753 714 367 176 926 921 120 889 697 946 466 225 825 205 107 120 830 496 944 404 63 253 550 244 523 619 249 616 646 59 327 750 772 45 925 49 317 397 937 365 342 754 589 518 311 696 637 140 543 581 543 605 833 444 200 355 63 800 322 60 858 648 809 630 44 85 678 360 481 967 
Batch 1: 724 823 720 665 340 30 712 329 522 254 909 416 211 93 860 410 447 274 562 768 333 419 768 141 400 811 577 430 523 58 396 246 880 467 262 571 849 973 899 370 579 159 785 789 251 996 550 49 269 111 169 601 882 936 93 633 98 670 62 620 79 809 218 310 628 831 232 476 804 131 197 382 641 333 522 892 329 423 292 597 886 460 550 767 747 994 751 197 15 165 168 93 973 737 402 952 568 634 427 371 116 975 104 108 660 977 351 988 399 643 936 284 454 837 402 553 831 153 749 845 317 916 290 641 5 43 593 572 28 371 294 495 346 397 603 5 373 953 344 123 947 279 407 401 116 808 305 298 960 53 494 628 320 135 269 324 178 861 247 205 231 540 52 928 288 654 284 660 958 627 135 905 258 541 657 725 700 961 374 12 365 867 639 684 2 907 360 531 119 606 87 702 146 138 629 785 143 913 797 101 891 931 357 500 471 13 224 522 325 597 533 689 816 172 724 817 430 435 347 549 393 433 250 890 923 230 674 65 494 470 165 385 400 521 884 222 885 460 744 561 408 276 249 223 447 325 391 229 759 89 777 503 874 378 392 796 607 66 860 101 887 377 837 287 249 72 508 134 531 603 694 291 879 295 513 677 619 256 905 729 344 33 584 217 410 975 12 17 392 224 469 279 600 305 565 848 728 424 981 611 27 27 901 257 673 765 933 643 20 190 723 364 222 306 932 632 281 944 1000 672 167 468 302 118 124 866 965 851 642 298 813 20 676 713 276 348 478 560 990 849 749 712 564 323 18 496 306 298 791 305 321 957 124 623 426 599 840 390 801 833 39 614 852 714 326 127 61 155 39 50 4 787 762 919 109 131 414 766 780 204 70 100 512 545 74 937 143 266 679 944 98 717 557 302 431 234 780 491 389 818 541 744 605 654 662 65 784 428 831 563 631 252 14 143 797 440 79 939 57 109 234 506 826 790 807 256 24 587 746 764 404 638 859 360 643 872 777 778 299 959 340 282 562 706 424 358 497 854 649 553 963 882 58 788 672 217 395 47 803 140 162 558 130 20 270 772 243 398 550 894 356 241 175 917 298 598 627 794 803 275 698 117 508 756 904 531 324 650 577 478 790 90 387 271 461 656 394 704 53 295 597 760 888 771 677 185 720 303 331 522 929 28 639 436 135 894 967 458 544 895 287 685 985 674 307 445 329 700 500 734 347 96 493 234 218 521 770 937 175 100 811 103 480 801 891 614 46 857 424 941 103 62 625 87 735 283 884 416 983 383 149 329 831 993 914 48 866 683 337 40 135 499 495 614 651 385 227 696 593 2 637 695 64 613 134 150 896 17 565 230 751 65 910 581 58 823 981 275 857 669 314 991 167 808 604 817 544 183 864 136 536 500 183 599 465 316 101 712 684 665 941 434 730 202 367 139 24 699 413 232 367 78 223 533 238 178 701 781 360 564 917 896 416 99 846 880 766 946 591 801 963 883 234 692 84 952 182 459 650 946 42 16 23 264 900 260 442 600 41 153 164 309 48 931 759 246 810 876 543 752 676 505 986 261 196 421 213 729 231 214 674 272 230 49 536 129 660 329 81 52 481 244 360 881 526 470 126 335 345 668 438 20 173 775 281 720 195 845 801 425 58 826 48 639 226 935 768 886 263 200 937 96 795 649 976 320 118 453 6 815 472 443 186 996 217 466 68 763 662 220 539 720 45 586 358 271 521 477 508 135 676 444 230 822 444 557 141 562 361 146 728 185 588 913 180 156 731 599 270 392 818 808 111 215 394 821 837 914 297 344 400 325 787 630 146 231 538 639 144 899 784 223 83 724 135 614 231 865 213 501 257 382 308 719 596 53 539 432 318 188 127 718 864 914 699 361 496 236 999 991 134 783 213 568 858 699 182 88 564 746 588 172 127 248 890 75 652 781 858 970 968 985 39 183 250 737 543 97 972 542 87 458 676 651 25 533 349 206 972 264 303 912 787 430 159 677 856 162 809 65 131 128 49 169 310 650 257 204 746 229 97 184 686 772 186 710 656 887 268 980 150 570 891 937 351 49 965 558 210 773 623 693 252 23 213 561 673 470 764 770 50 861 954 735 984 139 796 992 377 63 971 527 985 861 815 687 261 131 245 822 255 219 866 506 241 79 418 265 900 533 35 949 745 988 35 81 478 830 72 855 245 394 733 581 606 899 267 866 381 863 39 987 81 905 844 322 335 261 586 234 145 620 534 890 959 568 970 789 749 393 643 345 786 727 925 391 977 192 608 357 406 646 343 487 902 538 160 588 798 745 173 942 717 706 183 27 625 504 815 374 896 809 718 33 
Testing Radix Sort...
Batch 0 (Radix): 2 2 2 3 4 6 6 7 8 9 9 11 12 12 13 14 16 16 17 18 19 20 20 21 22 23 24 25 25 27 27 29 29 30 30 32 32 33 35 36 37 38 39 39 39 42 42 43 44 44 45 45 45 46 48 49 49 50 52 53 53 56 59 59 59 59 60 61 62 62 62 63 63 63 64 65 67 67 68 68 70 70 72 73 73 74 74 75 76 77 77 78 78 78 81 81 83 83 85 85 87 87 88 91 92 93 94 95 96 96 96 97 98 99 100 100 102 102 104 107 109 109 113 115 115 116 119 119 119 120 120 120 120 121 124 125 132 133 133 133 134 134 136 136 136 136 137 137 138 138 138 139 140 142 144 144 145 145 147 147 147 148 152 153 153 154 154 157 158 158 160 161 162 163 163 163 163 163 163 167 168 169 169 169 170 171 173 173 174 175 176 176 177 177 177 180 182 183 184 187 187 190 190 193 193 196 197 199 200 200 201 201 202 204 204 205 205 205 205 207 208 209 209 211 212 214 214 215 215 215 216 217 218 221 223 224 225 225 227 228 230 233 235 235 236 237 237 238 240 240 241 241 242 242 243 243 244 245 246 248 249 249 250 250 250 251 253 254 255 255 255 255 257 257 258 258 261 262 262 262 263 263 266 266 269 273 273 274 274 274 275 276 277 278 282 283 283 284 285 286 287 287 288 288 290 291 292 293 293 295 299 301 301 301 303 307 308 309 311 311 311 314 315 315 316 317 321 322 322 323 323 324 327 327 328 329 329 330 330 332 334 334 335 336 339 339 340 341 342 342 342 343 346 347 347 347 351 353 353 353 354 355 357 359 360 361 362 363 365 366 367 368 369 369 371 371 372 372 372 375 377 380 381 382 383 384 384 385 385 386 387 390 390 393 394 394 394 397 397 400 402 403 403 404 404 405 406 406 406 408 410 410 412 412 414 415 418 418 419 419 420 420 421 421 421 422 424 425 425 425 425 427 427 428 429 430 431 435 436 436 436 436 438 440 441 442 444 444 444 445 446 447 447 450 451 453 454 458 458 459 459 461 462 462 463 464 464 465 465 466 467 469 470 470 471 472 472 473 473 473 475 476 478 478 479 479 479 480 481 482 483 486 488 488 488 489 493 495 495 496 498 499 503 504 504 505 505 506 506 507 507 508 508 509 509 510 511 511 511 511 512 513 517 517 518 519 522 523 523 523 524 525 526 528 530 530 531 531 531 532 533 534 536 538 539 543 543 543 544 545 546 546 547 548 550 551 551 552 554 555 555 557 558 558 560 560 562 564 564 564 565 566 567 567 569 569 570 571 572 572 572 573 573 574 577 577 577 578 578 578 580 581 581 581 584 584 588 589 590 591 592 593 593 594 594 598 598 599 601 601 601 602 603 603 605 606 606 607 608 608 608 611 612 612 614 615 615 615 615 615 616 616 618 619 619 619 619 620 621 622 624 624 625 628 628 628 628 629 630 630 631 633 633 633 636 636 637 637 640 640 640 641 644 644 645 645 646 647 648 648 648 651 651 652 652 654 655 655 656 657 657 658 660 661 661 661 664 664 664 665 666 666 666 666 668 668 668 669 672 673 673 675 675 678 678 680 683 683 684 685 686 686 686 688 689 691 692 694 695 696 697 697 698 699 702 703 704 706 707 708 711 712 713 714 714 714 717 717 719 723 723 724 725 726 726 726 727 727 729 730 731 732 735 737 738 738 738 738 738 739 739 740 740 743 744 744 746 746 750 751 751 752 753 753 754 756 756 757 757 759 759 759 760 762 763 763 766 766 767 768 770 771 771 772 772 776 776 779 779 780 780 780 782 783 786 786 789 789 791 792 792 794 795 795 799 800 800 800 802 802 804 804 804 806 808 808 808 809 809 809 811 811 812 813 816 817 817 818 819 821 822 822 822 822 823 824 824 825 825 826 830 832 833 834 834 836 837 839 839 840 841 841 841 844 844 844 845 845 846 848 848 848 849 853 854 855 855 856 857 857 858 858 859 859 862 862 863 863 863 865 865 867 868 869 869 870 870 871 872 872 874 875 877 879 879 881 882 883 885 886 886 888 888 889 890 890 891 892 893 894 894 894 897 899 902 903 904 904 905 905 906 907 908 912 912 914 915 916 917 917 919 921 922 923 923 925 925 926 926 926 926 927 927 928 928 929 930 930 933 934 935 936 936 937 939 940 941 941 942 943 943 944 944 944 945 945 946 948 949 949 949 951 951 951 951 952 952 953 955 955 956 957 957 957 960 960 962 963 963 963 964 965 965 967 967 972 972 974 974 974 975 975 979 981 981 988 990 992 993 993 995 997 998 999 
Indices: 262 684 906 402 253 297 949 406 694 272 532 570 617 753 112 718 61 552 292 131 788 427 817 106 139 190 525 261 353 674 785 587 775 348 726 308 558 425 246 86 529 390 80 653 894 155 622 329 646 1018 240 849 987 610 175 376 989 124 183 172 904 886 180 455 769 983 1013 596 166 698 741 660 974 1010 571 782 400 544 314 859 76 948 773 231 303 463 502 191 603 338 508 198 379 458 92 170 760 833 177 1019 513 724 514 729 868 186 950 474 410 483 750 108 283 87 185 204 791 796 109 968 468 657 550 361 584 19 244 309 853 26 233 960 969 892 31 188 290 526 639 913 293 771 100 111 118 855 534 675 299 770 845 752 1001 38 264 367 391 713 437 609 685 37 187 325 644 740 865 378 328 848 813 704 245 13 72 239 409 554 805 619 661 213 505 898 375 873 12 671 424 846 286 957 91 356 934 90 946 318 731 621 816 235 615 313 330 337 33 113 163 1008 10 807 14 5 608 62 385 819 967 341 841 127 230 759 927 369 594 802 871 943 125 71 60 331 451 739 586 965 803 778 21 268 266 524 280 192 748 559 510 683 133 162 32 500 54 317 977 703 863 83 132 980 221 323 875 158 975 567 481 575 625 688 580 598 605 789 700 249 373 669 104 351 404 922 436 7 780 194 357 939 467 917 820 890 637 207 659 450 423 720 628 730 666 756 565 716 350 334 695 557 211 374 635 911 405 248 551 876 333 712 998 412 97 121 360 990 633 607 1012 101 781 528 616 984 66 536 814 606 889 602 359 798 824 197 30 411 786 382 41 285 994 156 509 626 709 895 466 387 521 717 485 1009 490 711 1021 47 870 57 993 470 956 336 342 627 75 195 389 641 877 506 604 645 706 322 114 93 582 682 857 74 1 538 940 273 206 668 762 542 991 899 281 686 831 119 973 766 457 732 821 710 154 654 77 371 460 282 117 667 234 267 288 372 265 795 856 677 926 65 364 448 931 56 522 734 223 442 527 51 345 413 614 827 884 147 693 891 48 225 1007 116 141 256 420 386 893 692 921 184 842 63 952 242 792 850 446 447 838 258 578 964 566 419 199 702 867 408 772 238 444 941 932 50 388 885 210 275 647 746 1022 45 120 403 178 664 763 415 749 151 396 971 9 251 652 29 523 16 568 486 878 15 454 812 909 142 866 826 135 201 252 543 295 354 346 830 997 459 751 196 591 978 854 491 631 520 128 910 493 872 937 658 452 908 790 343 553 161 1002 1004 779 815 138 585 897 110 976 306 365 696 296 287 928 477 81 744 202 540 767 64 279 480 531 735 758 811 278 883 618 358 363 503 728 68 632 942 581 676 755 259 636 933 860 24 122 1003 383 489 73 996 173 438 399 517 929 576 577 494 836 160 18 453 634 555 736 882 1005 304 920 806 88 169 589 754 430 930 433 395 507 678 902 915 193 981 590 311 478 601 979 216 501 708 492 583 479 4 49 315 768 271 495 1017 843 456 672 690 94 347 630 1000 20 289 511 152 144 518 40 656 982 721 697 828 1015 103 595 82 401 738 449 464 925 319 429 822 70 148 432 440 98 549 715 25 321 340 407 832 67 134 546 691 679 84 157 46 951 58 1020 597 181 560 107 115 105 441 784 137 461 182 563 263 189 999 623 962 797 349 214 445 327 305 269 167 953 300 907 89 651 955 352 394 844 417 612 215 579 291 592 923 255 257 59 799 78 99 530 707 171 247 680 723 823 227 232 439 936 648 219 810 3 368 985 339 344 36 903 954 995 733 800 284 539 398 488 573 665 326 53 783 302 561 504 880 471 294 593 840 986 153 535 228 310 548 640 777 613 164 366 851 55 434 140 516 861 217 473 945 324 226 381 1011 562 852 143 205 475 515 96 662 737 23 533 1016 655 905 611 237 743 43 377 879 222 765 0 69 462 862 801 384 919 918 966 912 970 176 1006 250 809 545 572 392 487 146 220 418 588 150 179 829 496 874 673 482 705 747 476 761 397 484 643 569 44 52 887 1014 2 547 301 335 307 537 888 79 224 355 380 34 914 35 818 900 159 312 864 218 229 421 935 209 320 901 745 316 428 208 600 961 8 27 145 839 174 85 370 804 719 426 670 519 498 924 332 847 276 362 165 126 835 556 212 123 599 722 947 959 414 236 858 725 988 136 435 564 958 129 574 6 254 42 298 793 270 689 742 11 22 992 837 274 130 794 469 200 808 393 938 972 642 699 963 168 102 497 774 28 241 714 825 431 512 499 260 629 776 624 896 944 243 764 916 17 465 701 681 422 649 881 1023 620 869 443 638 787 149 277 472 541 834 663 727 416 39 757 203 95 650 687 
Batch 1 (Radix): 2 2 4 5 5 6 12 12 13 14 15 16 17 17 18 20 20 20 20 23 23 24 24 25 27 27 27 28 28 30 33 33 35 35 39 39 39 39 40 41 42 43 45 46 47 48 48 48 49 49 49 49 50 50 52 52 53 53 53 57 58 58 58 58 61 62 62 63 64 65 65 65 65 66 68 70 72 72 74 75 78 79 79 79 81 81 81 83 84 87 87 87 88 89 90 93 93 93 96 96 97 97 98 98 99 100 100 101 101 101 103 103 104 108 109 109 111 111 116 116 117 118 118 119 123 124 124 126 127 127 127 128 129 130 131 131 131 131 134 134 134 135 135 135 135 135 135 136 138 139 139 140 141 141 143 143 143 144 145 146 146 146 149 150 150 153 153 155 156 159 159 160 162 162 164 165 165 167 167 168 169 169 172 172 173 173 175 175 178 178 180 182 182 183 183 183 183 184 185 185 186 186 188 190 192 195 196 197 197 200 202 204 204 205 206 210 211 213 213 213 213 214 215 217 217 217 218 218 219 220 222 222 223 223 223 224 224 226 227 229 229 230 230 230 230 231 231 231 231 232 232 234 234 234 234 234 236 238 241 241 243 244 245 245 246 246 247 248 249 249 250 250 251 252 252 254 255 256 256 257 257 257 258 260 261 261 261 262 263 264 264 265 266 267 268 269 269 270 270 271 271 272 274 275 275 276 276 279 279 281 281 282 283 284 284 287 287 288 290 291 292 294 295 295 297 298 298 298 298 299 302 302 303 303 305 305 305 306 306 307 308 309 310 310 314 316 317 318 320 320 321 322 323 324 324 325 325 325 326 329 329 329 329 329 331 333 333 335 335 337 340 340 343 344 344 344 345 345 346 347 347 348 349 351 351 356 357 357 358 358 360 360 360 360 361 361 364 365 367 367 370 371 371 373 374 374 377 377 378 381 382 382 383 385 385 387 389 390 391 391 392 392 392 393 393 394 394 394 395 396 397 398 399 400 400 400 401 402 402 404 406 407 408 410 410 413 414 416 416 416 418 419 421 423 424 424 424 425 426 427 428 430 430 430 431 432 433 434 435 436 438 440 442 443 444 444 445 447 447 453 454 458 458 459 460 460 461 465 466 467 468 469 470 470 470 471 472 476 477 478 478 478 480 481 487 491 493 494 494 495 495 496 496 497 499 500 500 500 501 503 504 505 506 506 508 508 508 512 513 521 521 521 522 522 522 522 523 526 527 531 531 531 533 533 533 533 534 536 536 538 538 539 539 540 541 541 542 543 543 544 544 545 549 550 550 550 553 553 557 557 558 558 560 561 561 562 562 562 563 564 564 564 565 565 568 568 568 570 571 572 577 577 579 581 581 584 586 586 587 588 588 588 591 593 593 596 597 597 597 598 599 599 599 600 600 601 603 603 604 605 606 606 607 608 611 613 614 614 614 614 619 620 620 623 623 625 625 627 627 628 628 629 630 631 632 633 634 637 638 639 639 639 639 641 641 642 643 643 643 643 646 649 649 650 650 650 651 651 652 654 654 656 656 657 660 660 660 662 662 665 665 668 669 670 672 672 673 673 674 674 674 676 676 676 676 677 677 677 679 683 684 684 685 686 687 689 692 693 694 695 696 698 699 699 699 700 700 701 702 704 706 706 710 712 712 712 713 714 717 717 718 718 719 720 720 720 720 723 724 724 724 725 727 728 728 729 729 730 731 733 734 735 735 737 737 744 744 745 745 746 746 746 747 749 749 749 751 751 752 756 759 759 760 762 763 764 764 765 766 766 767 768 768 768 770 770 771 772 772 773 775 777 777 778 780 780 781 781 783 784 784 785 785 786 787 787 787 788 789 789 790 790 791 794 795 796 796 797 797 798 801 801 801 801 803 803 804 807 808 808 808 809 809 809 810 811 811 813 815 815 815 816 817 817 818 818 821 822 822 823 823 826 826 830 831 831 831 831 833 837 837 837 840 844 845 845 846 848 849 849 851 852 854 855 856 857 857 858 858 859 860 860 861 861 861 863 864 864 865 866 866 866 866 867 872 874 876 879 880 880 881 882 882 883 884 884 885 886 886 887 887 888 890 890 890 891 891 891 892 894 894 895 896 896 896 899 899 899 900 900 901 902 904 905 905 905 907 909 910 912 913 913 914 914 914 916 917 917 919 923 925 928 929 931 931 932 933 935 936 936 937 937 937 937 939 941 941 942 944 944 946 946 947 949 952 952 953 954 957 958 959 959 960 961 963 963 965 965 967 968 970 970 971 972 972 973 973 975 975 976 977 977 980 981 981 983 984 985 985 985 986 987 988 988 990 991 991 992 993 994 996 996 999 1000 
Indices: 184 579 370 124 135 738 179 286 205 412 88 661 287 587 344 308 331 463 711 662 913 426 626 864 300 301 1015 128 511 5 281 1023 950 954 360 368 852 970 569 668 660 125 752 546 457 565 672 722 47 693 882 905 369 920 162 699 149 498 815 418 29 452 594 720 366 58 551 929 582 227 405 591 879 257 746 380 265 958 384 845 631 60 416 945 698 955 972 802 654 190 553 860 837 249 491 13 54 91 531 731 857 890 56 390 643 381 539 199 259 616 541 550 102 103 374 419 49 782 100 144 481 323 736 188 139 324 352 706 365 820 842 881 695 462 69 375 880 937 267 584 830 153 170 514 570 759 804 609 193 625 925 459 23 766 196 386 413 798 980 192 769 794 560 585 900 117 669 367 775 41 874 1006 460 877 670 89 230 320 602 90 50 883 213 841 712 1010 472 538 156 635 774 656 836 607 612 853 1014 891 505 771 742 894 819 309 997 716 684 70 87 729 623 379 887 159 867 908 12 686 808 832 914 689 783 283 455 744 62 534 941 749 235 312 243 632 801 206 289 724 576 247 889 225 589 692 762 160 688 795 806 66 629 395 420 533 652 979 827 634 471 944 466 701 938 960 31 675 158 843 242 264 222 854 44 411 912 9 940 277 425 303 810 886 172 665 683 936 977 34 728 663 869 947 387 966 898 48 154 464 778 493 755 691 17 479 597 241 334 141 291 316 714 441 555 111 166 263 520 164 122 271 78 130 273 499 788 147 329 347 474 438 322 393 507 870 146 293 349 313 346 524 812 671 63 884 600 615 120 818 152 735 350 975 343 155 486 208 245 791 364 7 76 526 561 697 508 20 73 707 976 568 4 440 1002 138 280 789 708 991 132 218 530 335 866 106 904 470 202 999 445 754 186 433 638 702 768 825 311 180 624 630 39 99 129 136 178 1019 261 928 253 968 71 811 559 231 575 492 398 357 246 995 254 288 779 220 989 496 784 961 456 30 133 467 108 24 232 790 143 94 114 430 1000 142 240 15 284 628 376 11 557 642 946 21 685 77 297 444 548 719 354 98 407 27 216 873 394 817 221 621 217 513 710 415 666 741 761 764 525 16 244 737 112 517 861 657 81 237 494 614 745 33 321 290 229 705 917 204 740 67 757 336 489 956 542 700 1003 397 532 150 228 131 572 345 826 446 571 203 528 611 809 251 1017 681 421 943 266 482 758 382 274 233 535 756 8 74 207 509 28 704 931 187 268 485 210 633 865 949 982 610 694 796 1005 750 816 161 173 400 859 678 856 518 606 383 219 46 82 468 115 449 392 765 461 907 337 239 915 18 442 767 409 342 639 838 294 588 96 833 985 901 35 127 26 488 40 593 963 282 753 978 427 772 840 1007 648 126 578 814 79 209 500 475 355 613 777 292 667 51 134 269 604 402 189 964 256 998 299 583 361 545 573 805 276 59 981 353 910 552 1016 169 476 64 151 194 793 410 315 55 97 580 431 182 512 723 797 72 123 328 109 307 434 990 1001 448 733 487 658 885 574 863 846 165 403 495 896 174 104 167 696 404 748 3 619 709 599 57 319 454 304 916 226 523 690 332 680 760 862 275 504 875 388 567 183 618 521 892 935 211 653 911 270 581 577 480 627 824 835 176 527 636 191 497 443 1013 895 6 341 617 333 363 391 1012 821 1022 813 2 506 715 751 310 0 214 803 175 993 296 770 279 687 622 776 962 529 554 923 93 855 238 401 952 1009 428 839 888 84 118 340 988 86 590 679 483 248 674 501 372 747 429 918 305 377 646 83 19 22 726 536 919 503 465 893 909 713 250 436 437 378 396 637 847 831 406 800 42 195 992 371 792 872 453 43 987 423 490 348 477 732 255 926 198 414 1008 358 543 649 718 458 478 68 424 145 603 781 61 878 1021 676 25 540 330 739 934 1018 212 215 605 399 780 785 763 939 1 595 422 721 957 65 116 408 562 359 113 262 786 356 974 119 717 644 295 36 339 327 362 447 959 876 547 598 834 848 432 14 258 157 921 933 969 608 822 807 325 566 942 967 181 435 252 677 272 32 645 703 52 451 651 234 556 236 80 727 260 897 502 223 844 983 200 544 902 75 469 515 519 586 641 1020 38 799 965 664 948 302 1004 484 171 278 973 185 10 592 871 197 773 564 787 823 121 473 640 373 224 994 163 510 201 673 314 306 725 53 110 385 537 730 903 417 549 620 1011 317 389 647 659 140 951 95 655 137 922 351 168 439 984 148 177 450 650 326 906 516 850 849 986 930 858 868 37 92 101 285 734 105 996 899 298 596 558 924 522 851 932 682 971 107 953 338 601 829 927 563 85 45 743 828 318 
Testing Bitonic Sort...
========= Program hit cudaErrorInvalidConfiguration (error 9) due to "invalid configuration argument" on CUDA API call to cudaLaunchKernel.
=========     Saved host backtrace up to driver entry point at error
=========     Host Frame: [0x4ad125]
=========                in /lib/x86_64-linux-gnu/libcuda.so.1
=========     Host Frame:cudaLaunchKernel [0x77ae7]
=========                in /teamspace/studios/this_studio/RadixSortNCU/prof/sort/src/./test_sort
=========     Host Frame:cudaError cudaLaunchKernel<char>(char*, dim3, dim3, void**, unsigned long, CUstream_st*) [0xe544]
=========                in /teamspace/studios/this_studio/RadixSortNCU/prof/sort/src/./test_sort
=========     Host Frame:__device_stub__Z12init_indicesILi1024EEvPjii(unsigned int*, int, int) [0xe12b]
=========                in /teamspace/studios/this_studio/RadixSortNCU/prof/sort/src/./test_sort
=========     Host Frame:void __wrapper__device_stub_init_indices<1024>(unsigned int*&, int&, int&) [0xe17a]
=========                in /teamspace/studios/this_studio/RadixSortNCU/prof/sort/src/./test_sort
=========     Host Frame:void init_indices<1024>(unsigned int*, int, int) [0xe577]
=========                in /teamspace/studios/this_studio/RadixSortNCU/prof/sort/src/./test_sort
=========     Host Frame:solve_bitonic [0xdd3f]
=========                in /teamspace/studios/this_studio/RadixSortNCU/prof/sort/src/./test_sort
=========     Host Frame:main [0xb44d]
=========                in /teamspace/studios/this_studio/RadixSortNCU/prof/sort/src/./test_sort
=========     Host Frame: [0x2a1c9]
=========                in /lib/x86_64-linux-gnu/libc.so.6
=========     Host Frame:__libc_start_main [0x2a28a]
=========                in /lib/x86_64-linux-gnu/libc.so.6
=========     Host Frame:_start [0xabd4]
=========                in /teamspace/studios/this_studio/RadixSortNCU/prof/sort/src/./test_sort
========= 
========= Program hit cudaErrorInvalidConfiguration (error 9) due to "invalid configuration argument" on CUDA API call to cudaLaunchKernel.
=========     Saved host backtrace up to driver entry point at error
=========     Host Frame: [0x4ad125]
=========                in /lib/x86_64-linux-gnu/libcuda.so.1
=========     Host Frame:cudaLaunchKernel [0x77ae7]
=========                in /teamspace/studios/this_studio/RadixSortNCU/prof/sort/src/./test_sort
=========     Host Frame:cudaError cudaLaunchKernel<char>(char*, dim3, dim3, void**, unsigned long, CUstream_st*) [0xe544]
=========                in /teamspace/studios/this_studio/RadixSortNCU/prof/sort/src/./test_sort
=========     Host Frame:__device_stub__Z12init_indicesILi1024EEvPjii(unsigned int*, int, int) [0xe12b]
=========                in /teamspace/studios/this_studio/RadixSortNCU/prof/sort/src/./test_sort
=========     Host Frame:void __wrapper__device_stub_init_indices<1024>(unsigned int*&, int&, int&) [0xe17a]
=========                in /teamspace/studios/this_studio/RadixSortNCU/prof/sort/src/./test_sort
=========     Host Frame:void init_indices<1024>(unsigned int*, int, int) [0xe577]
=========                in /teamspace/studios/this_studio/RadixSortNCU/prof/sort/src/./test_sort
=========     Host Frame:solve_bitonic [0xdd9a]
=========                in /teamspace/studios/this_studio/RadixSortNCU/prof/sort/src/./test_sort
=========     Host Frame:main [0xb44d]
=========                in /teamspace/studios/this_studio/RadixSortNCU/prof/sort/src/./test_sort
=========     Host Frame: [0x2a1c9]
=========                in /lib/x86_64-linux-gnu/libc.so.6
=========     Host Frame:__libc_start_main [0x2a28a]
=========                in /lib/x86_64-linux-gnu/libc.so.6
=========     Host Frame:_start [0xabd4]
=========                in /teamspace/studios/this_studio/RadixSortNCU/prof/sort/src/./test_sort
========= 
========= Program hit cudaErrorInvalidValue (error 1) due to "invalid argument" on CUDA API call to cudaMemcpy.
=========     Saved host backtrace up to driver entry point at error
=========     Host Frame: [0x4ad125]
=========                in /lib/x86_64-linux-gnu/libcuda.so.1
=========     Host Frame:cudaMemcpy [0x728a9]
=========                in /teamspace/studios/this_studio/RadixSortNCU/prof/sort/src/./test_sort
=========     Host Frame:solve_bitonic [0xdf23]
=========                in /teamspace/studios/this_studio/RadixSortNCU/prof/sort/src/./test_sort
=========     Host Frame:main [0xb44d]
=========                in /teamspace/studios/this_studio/RadixSortNCU/prof/sort/src/./test_sort
=========     Host Frame: [0x2a1c9]
=========                in /lib/x86_64-linux-gnu/libc.so.6
=========     Host Frame:__libc_start_main [0x2a28a]
=========                in /lib/x86_64-linux-gnu/libc.so.6
=========     Host Frame:_start [0xabd4]
=========                in /teamspace/studios/this_studio/RadixSortNCU/prof/sort/src/./test_sort
========= 
========= Program hit cudaErrorInvalidValue (error 1) due to "invalid argument" on CUDA API call to cudaMemcpy.
=========     Saved host backtrace up to driver entry point at error
=========     Host Frame: [0x4ad125]
=========                in /lib/x86_64-linux-gnu/libcuda.so.1
=========     Host Frame:cudaMemcpy [0x728a9]
=========                in /teamspace/studios/this_studio/RadixSortNCU/prof/sort/src/./test_sort
=========     Host Frame:solve_bitonic [0xdf49]
=========                in /teamspace/studios/this_studio/RadixSortNCU/prof/sort/src/./test_sort
=========     Host Frame:main [0xb44d]
=========                in /teamspace/studios/this_studio/RadixSortNCU/prof/sort/src/./test_sort
=========     Host Frame: [0x2a1c9]
=========                in /lib/x86_64-linux-gnu/libc.so.6
=========     Host Frame:__libc_start_main [0x2a28a]
=========                in /lib/x86_64-linux-gnu/libc.so.6
=========     Host Frame:_start [0xabd4]
=========                in /teamspace/studios/this_studio/RadixSortNCU/prof/sort/src/./test_sort
========= 
Batch 0 (Bitonic): 2 2 2 3 4 6 6 7 8 9 9 11 12 12 13 14 16 16 17 18 19 20 20 21 22 23 24 25 25 27 27 29 29 30 30 32 32 33 35 36 37 38 39 39 39 42 42 43 44 44 45 45 45 46 48 49 49 50 52 53 53 56 59 59 59 59 60 61 62 62 62 63 63 63 64 65 67 67 68 68 70 70 72 73 73 74 74 75 76 77 77 78 78 78 81 81 83 83 85 85 87 87 88 91 92 93 94 95 96 96 96 97 98 99 100 100 102 102 104 107 109 109 113 115 115 116 119 119 119 120 120 120 120 121 124 125 132 133 133 133 134 134 136 136 136 136 137 137 138 138 138 139 140 142 144 144 145 145 147 147 147 148 152 153 153 154 154 157 158 158 160 161 162 163 163 163 163 163 163 167 168 169 169 169 170 171 173 173 174 175 176 176 177 177 177 180 182 183 184 187 187 190 190 193 193 196 197 199 200 200 201 201 202 204 204 205 205 205 205 207 208 209 209 211 212 214 214 215 215 215 216 217 218 221 223 224 225 225 227 228 230 233 235 235 236 237 237 238 240 240 241 241 242 242 243 243 244 245 246 248 249 249 250 250 250 251 253 254 255 255 255 255 257 257 258 258 261 262 262 262 263 263 266 266 269 273 273 274 274 274 275 276 277 278 282 283 283 284 285 286 287 287 288 288 290 291 292 293 293 295 299 301 301 301 303 307 308 309 311 311 311 314 315 315 316 317 321 322 322 323 323 324 327 327 328 329 329 330 330 332 334 334 335 336 339 339 340 341 342 342 342 343 346 347 347 347 351 353 353 353 354 355 357 359 360 361 362 363 365 366 367 368 369 369 371 371 372 372 372 375 377 380 381 382 383 384 384 385 385 386 387 390 390 393 394 394 394 397 397 400 402 403 403 404 404 405 406 406 406 408 410 410 412 412 414 415 418 418 419 419 420 420 421 421 421 422 424 425 425 425 425 427 427 428 429 430 431 435 436 436 436 436 438 440 441 442 444 444 444 445 446 447 447 450 451 453 454 458 458 459 459 461 462 462 463 464 464 465 465 466 467 469 470 470 471 472 472 473 473 473 475 476 478 478 479 479 479 480 481 482 483 486 488 488 488 489 493 495 495 496 498 499 503 504 504 505 505 506 506 507 507 508 508 509 509 510 511 511 511 511 512 513 517 517 518 519 522 523 523 523 524 525 526 528 530 530 531 531 531 532 533 534 536 538 539 543 543 543 544 545 546 546 547 548 550 551 551 552 554 555 555 557 558 558 560 560 562 564 564 564 565 566 567 567 569 569 570 571 572 572 572 573 573 574 577 577 577 578 578 578 580 581 581 581 584 584 588 589 590 591 592 593 593 594 594 598 598 599 601 601 601 602 603 603 605 606 606 607 608 608 608 611 612 612 614 615 615 615 615 615 616 616 618 619 619 619 619 620 621 622 624 624 625 628 628 628 628 629 630 630 631 633 633 633 636 636 637 637 640 640 640 641 644 644 645 645 646 647 648 648 648 651 651 652 652 654 655 655 656 657 657 658 660 661 661 661 664 664 664 665 666 666 666 666 668 668 668 669 672 673 673 675 675 678 678 680 683 683 684 685 686 686 686 688 689 691 692 694 695 696 697 697 698 699 702 703 704 706 707 708 711 712 713 714 714 714 717 717 719 723 723 724 725 726 726 726 727 727 729 730 731 732 735 737 738 738 738 738 738 739 739 740 740 743 744 744 746 746 750 751 751 752 753 753 754 756 756 757 757 759 759 759 760 762 763 763 766 766 767 768 770 771 771 772 772 776 776 779 779 780 780 780 782 783 786 786 789 789 791 792 792 794 795 795 799 800 800 800 802 802 804 804 804 806 808 808 808 809 809 809 811 811 812 813 816 817 817 818 819 821 822 822 822 822 823 824 824 825 825 826 830 832 833 834 834 836 837 839 839 840 841 841 841 844 844 844 845 845 846 848 848 848 849 853 854 855 855 856 857 857 858 858 859 859 862 862 863 863 863 865 865 867 868 869 869 870 870 871 872 872 874 875 877 879 879 881 882 883 885 886 886 888 888 889 890 890 891 892 893 894 894 894 897 899 902 903 904 904 905 905 906 907 908 912 912 914 915 916 917 917 919 921 922 923 923 925 925 926 926 926 926 927 927 928 928 929 930 930 933 934 935 936 936 937 939 940 941 941 942 943 943 944 944 944 945 945 946 948 949 949 949 951 951 951 951 952 952 953 955 955 956 957 957 957 960 960 962 963 963 963 964 965 965 967 967 972 972 974 974 974 975 975 979 981 981 988 990 992 993 993 995 997 998 999 
Indices: 262 684 906 402 253 297 949 406 694 272 532 570 617 753 112 718 61 552 292 131 788 427 817 106 139 190 525 261 353 674 785 587 775 348 726 308 558 425 246 86 529 390 80 653 894 155 622 329 646 1018 240 849 987 610 175 376 989 124 183 172 904 886 180 455 769 983 1013 596 166 698 741 660 974 1010 571 782 400 544 314 859 76 948 773 231 303 463 502 191 603 338 508 198 379 458 92 170 760 833 177 1019 513 724 514 729 868 186 950 474 410 483 750 108 283 87 185 204 791 796 109 968 468 657 550 361 584 19 244 309 853 26 233 960 969 892 31 188 290 526 639 913 293 771 100 111 118 855 534 675 299 770 845 752 1001 38 264 367 391 713 437 609 685 37 187 325 644 740 865 378 328 848 813 704 245 13 72 239 409 554 805 619 661 213 505 898 375 873 12 671 424 846 286 957 91 356 934 90 946 318 731 621 816 235 615 313 330 337 33 113 163 1008 10 807 14 5 608 62 385 819 967 341 841 127 230 759 927 369 594 802 871 943 125 71 60 331 451 739 586 965 803 778 21 268 266 524 280 192 748 559 510 683 133 162 32 500 54 317 977 703 863 83 132 980 221 323 875 158 975 567 481 575 625 688 580 598 605 789 700 249 373 669 104 351 404 922 436 7 780 194 357 939 467 917 820 890 637 207 659 450 423 720 628 730 666 756 565 716 350 334 695 557 211 374 635 911 405 248 551 876 333 712 998 412 97 121 360 990 633 607 1012 101 781 528 616 984 66 536 814 606 889 602 359 798 824 197 30 411 786 382 41 285 994 156 509 626 709 895 466 387 521 717 485 1009 490 711 1021 47 870 57 993 470 956 336 342 627 75 195 389 641 877 506 604 645 706 322 114 93 582 682 857 74 1 538 940 273 206 668 762 542 991 899 281 686 831 119 973 766 457 732 821 710 154 654 77 371 460 282 117 667 234 267 288 372 265 795 856 677 926 65 364 448 931 56 522 734 223 442 527 51 345 413 614 827 884 147 693 891 48 225 1007 116 141 256 420 386 893 692 921 184 842 63 952 242 792 850 446 447 838 258 578 964 566 419 199 702 867 408 772 238 444 941 932 50 388 885 210 275 647 746 1022 45 120 403 178 664 763 415 749 151 396 971 9 251 652 29 523 16 568 486 878 15 454 812 909 142 866 826 135 201 252 543 295 354 346 830 997 459 751 196 591 978 854 491 631 520 128 910 493 872 937 658 452 908 790 343 553 161 1002 1004 779 815 138 585 897 110 976 306 365 696 296 287 928 477 81 744 202 540 767 64 279 480 531 735 758 811 278 883 618 358 363 503 728 68 632 942 581 676 755 259 636 933 860 24 122 1003 383 489 73 996 173 438 399 517 929 576 577 494 836 160 18 453 634 555 736 882 1005 304 920 806 88 169 589 754 430 930 433 395 507 678 902 915 193 981 590 311 478 601 979 216 501 708 492 583 479 4 49 315 768 271 495 1017 843 456 672 690 94 347 630 1000 20 289 511 152 144 518 40 656 982 721 697 828 1015 103 595 82 401 738 449 464 925 319 429 822 70 148 432 440 98 549 715 25 321 340 407 832 67 134 546 691 679 84 157 46 951 58 1020 597 181 560 107 115 105 441 784 137 461 182 563 263 189 999 623 962 797 349 214 445 327 305 269 167 953 300 907 89 651 955 352 394 844 417 612 215 579 291 592 923 255 257 59 799 78 99 530 707 171 247 680 723 823 227 232 439 936 648 219 810 3 368 985 339 344 36 903 954 995 733 800 284 539 398 488 573 665 326 53 783 302 561 504 880 471 294 593 840 986 153 535 228 310 548 640 777 613 164 366 851 55 434 140 516 861 217 473 945 324 226 381 1011 562 852 143 205 475 515 96 662 737 23 533 1016 655 905 611 237 743 43 377 879 222 765 0 69 462 862 801 384 919 918 966 912 970 176 1006 250 809 545 572 392 487 146 220 418 588 150 179 829 496 874 673 482 705 747 476 761 397 484 643 569 44 52 887 1014 2 547 301 335 307 537 888 79 224 355 380 34 914 35 818 900 159 312 864 218 229 421 935 209 320 901 745 316 428 208 600 961 8 27 145 839 174 85 370 804 719 426 670 519 498 924 332 847 276 362 165 126 835 556 212 123 599 722 947 959 414 236 858 725 988 136 435 564 958 129 574 6 254 42 298 793 270 689 742 11 22 992 837 274 130 794 469 200 808 393 938 972 642 699 963 168 102 497 774 28 241 714 825 431 512 499 260 629 776 624 896 944 243 764 916 17 465 701 681 422 649 881 1023 620 869 443 638 787 149 277 472 541 834 663 727 416 39 757 203 95 650 687 
Batch 1 (Bitonic): 2 2 4 5 5 6 12 12 13 14 15 16 17 17 18 20 20 20 20 23 23 24 24 25 27 27 27 28 28 30 33 33 35 35 39 39 39 39 40 41 42 43 45 46 47 48 48 48 49 49 49 49 50 50 52 52 53 53 53 57 58 58 58 58 61 62 62 63 64 65 65 65 65 66 68 70 72 72 74 75 78 79 79 79 81 81 81 83 84 87 87 87 88 89 90 93 93 93 96 96 97 97 98 98 99 100 100 101 101 101 103 103 104 108 109 109 111 111 116 116 117 118 118 119 123 124 124 126 127 127 127 128 129 130 131 131 131 131 134 134 134 135 135 135 135 135 135 136 138 139 139 140 141 141 143 143 143 144 145 146 146 146 149 150 150 153 153 155 156 159 159 160 162 162 164 165 165 167 167 168 169 169 172 172 173 173 175 175 178 178 180 182 182 183 183 183 183 184 185 185 186 186 188 190 192 195 196 197 197 200 202 204 204 205 206 210 211 213 213 213 213 214 215 217 217 217 218 218 219 220 222 222 223 223 223 224 224 226 227 229 229 230 230 230 230 231 231 231 231 232 232 234 234 234 234 234 236 238 241 241 243 244 245 245 246 246 247 248 249 249 250 250 251 252 252 254 255 256 256 257 257 257 258 260 261 261 261 262 263 264 264 265 266 267 268 269 269 270 270 271 271 272 274 275 275 276 276 279 279 281 281 282 283 284 284 287 287 288 290 291 292 294 295 295 297 298 298 298 298 299 302 302 303 303 305 305 305 306 306 307 308 309 310 310 314 316 317 318 320 320 321 322 323 324 324 325 325 325 326 329 329 329 329 329 331 333 333 335 335 337 340 340 343 344 344 344 345 345 346 347 347 348 349 351 351 356 357 357 358 358 360 360 360 360 361 361 364 365 367 367 370 371 371 373 374 374 377 377 378 381 382 382 383 385 385 387 389 390 391 391 392 392 392 393 393 394 394 394 395 396 397 398 399 400 400 400 401 402 402 404 406 407 408 410 410 413 414 416 416 416 418 419 421 423 424 424 424 425 426 427 428 430 430 430 431 432 433 434 435 436 438 440 442 443 444 444 445 447 447 453 454 458 458 459 460 460 461 465 466 467 468 469 470 470 470 471 472 476 477 478 478 478 480 481 487 491 493 494 494 495 495 496 496 497 499 500 500 500 501 503 504 505 506 506 508 508 508 512 513 521 521 521 522 522 522 522 523 526 527 531 531 531 533 533 533 533 534 536 536 538 538 539 539 540 541 541 542 543 543 544 544 545 549 550 550 550 553 553 557 557 558 558 560 561 561 562 562 562 563 564 564 564 565 565 568 568 568 570 571 572 577 577 579 581 581 584 586 586 587 588 588 588 591 593 593 596 597 597 597 598 599 599 599 600 600 601 603 603 604 605 606 606 607 608 611 613 614 614 614 614 619 620 620 623 623 625 625 627 627 628 628 629 630 631 632 633 634 637 638 639 639 639 639 641 641 642 643 643 643 643 646 649 649 650 650 650 651 651 652 654 654 656 656 657 660 660 660 662 662 665 665 668 669 670 672 672 673 673 674 674 674 676 676 676 676 677 677 677 679 683 684 684 685 686 687 689 692 693 694 695 696 698 699 699 699 700 700 701 702 704 706 706 710 712 712 712 713 714 717 717 718 718 719 720 720 720 720 723 724 724 724 725 727 728 728 729 729 730 731 733 734 735 735 737 737 744 744 745 745 746 746 746 747 749 749 749 751 751 752 756 759 759 760 762 763 764 764 765 766 766 767 768 768 768 770 770 771 772 772 773 775 777 777 778 780 780 781 781 783 784 784 785 785 786 787 787 787 788 789 789 790 790 791 794 795 796 796 797 797 798 801 801 801 801 803 803 804 807 808 808 808 809 809 809 810 811 811 813 815 815 815 816 817 817 818 818 821 822 822 823 823 826 826 830 831 831 831 831 833 837 837 837 840 844 845 845 846 848 849 849 851 852 854 855 856 857 857 858 858 859 860 860 861 861 861 863 864 864 865 866 866 866 866 867 872 874 876 879 880 880 881 882 882 883 884 884 885 886 886 887 887 888 890 890 890 891 891 891 892 894 894 895 896 896 896 899 899 899 900 900 901 902 904 905 905 905 907 909 910 912 913 913 914 914 914 916 917 917 919 923 925 928 929 931 931 932 933 935 936 936 937 937 937 937 939 941 941 942 944 944 946 946 947 949 952 952 953 954 957 958 959 959 960 961 963 963 965 965 967 968 970 970 971 972 972 973 973 975 975 976 977 977 980 981 981 983 984 985 985 985 986 987 988 988 990 991 991 992 993 994 996 996 999 1000 
Indices: 184 579 370 124 135 738 179 286 205 412 88 661 287 587 344 308 331 463 711 662 913 426 626 864 300 301 1015 128 511 5 281 1023 950 954 360 368 852 970 569 668 660 125 752 546 457 565 672 722 47 693 882 905 369 920 162 699 149 498 815 418 29 452 594 720 366 58 551 929 582 227 405 591 879 257 746 380 265 958 384 845 631 60 416 945 698 955 972 802 654 190 553 860 837 249 491 13 54 91 531 731 857 890 56 390 643 381 539 199 259 616 541 550 102 103 374 419 49 782 100 144 481 323 736 188 139 324 352 706 365 820 842 881 695 462 69 375 880 937 267 584 830 153 170 514 570 759 804 609 193 625 925 459 23 766 196 386 413 798 980 192 769 794 560 585 900 117 669 367 775 41 874 1006 460 877 670 89 230 320 602 90 50 883 213 841 712 1010 472 538 156 635 774 656 836 607 612 853 1014 891 505 771 742 894 819 309 997 716 684 70 87 729 623 379 887 159 867 908 12 686 808 832 914 689 783 283 455 744 62 534 941 749 235 312 243 632 801 206 289 724 576 247 889 225 589 692 762 160 688 795 806 66 629 395 420 533 652 979 827 634 471 944 466 701 938 960 31 675 158 843 242 264 222 854 44 411 912 9 940 277 425 303 810 886 172 665 683 936 977 34 728 663 869 947 387 966 898 48 154 464 778 493 755 691 17 479 597 241 334 141 291 316 714 441 555 111 166 263 520 164 122 271 78 130 273 499 788 147 329 347 474 438 322 393 507 870 146 293 349 313 346 524 812 671 63 884 600 615 120 818 152 735 350 975 343 155 486 208 245 791 364 7 76 526 561 697 508 20 73 707 976 568 4 440 1002 138 280 789 708 991 132 218 530 335 866 106 904 470 202 999 445 754 186 433 638 702 768 825 311 180 624 630 39 99 129 136 178 1019 261 928 253 968 71 811 559 231 575 492 398 357 246 995 254 288 779 220 989 496 784 961 456 30 133 467 108 24 232 790 143 94 114 430 1000 142 240 15 284 628 376 11 557 642 946 21 685 77 297 444 548 719 354 98 407 27 216 873 394 817 221 621 217 513 710 415 666 741 761 764 525 16 244 737 112 517 861 657 81 237 494 614 745 33 321 290 229 705 917 204 740 67 757 336 489 956 542 700 1003 397 532 150 228 131 572 345 826 446 571 203 528 611 809 251 1017 681 421 943 266 482 758 382 274 233 535 756 8 74 207 509 28 704 931 187 268 485 210 633 865 949 982 610 694 796 1005 750 816 161 173 400 859 678 856 518 606 383 219 46 82 468 115 449 392 765 461 907 337 239 915 18 442 767 409 342 639 838 294 588 96 833 985 901 35 127 26 488 40 593 963 282 753 978 427 772 840 1007 648 126 578 814 79 209 500 475 355 613 777 292 667 51 134 269 604 402 189 964 256 998 299 583 361 545 573 805 276 59 981 353 910 552 1016 169 476 64 151 194 793 410 315 55 97 580 431 182 512 723 797 72 123 328 109 307 434 990 1001 448 733 487 658 885 574 863 846 165 403 495 896 174 104 167 696 404 748 3 619 709 599 57 319 454 304 916 226 523 690 332 680 760 862 275 504 875 388 567 183 618 521 892 935 211 653 911 270 581 577 480 627 824 835 176 527 636 191 497 443 1013 895 6 341 617 333 363 391 1012 821 1022 813 2 506 715 751 310 0 214 803 175 993 296 770 279 687 622 776 962 529 554 923 93 855 238 401 952 1009 428 839 888 84 118 340 988 86 590 679 483 248 674 501 372 747 429 918 305 377 646 83 19 22 726 536 919 503 465 893 909 713 250 436 437 378 396 637 847 831 406 800 42 195 992 371 792 872 453 43 987 423 490 348 477 732 255 926 198 414 1008 358 543 649 718 458 478 68 424 145 603 781 61 878 1021 676 25 540 330 739 934 1018 212 215 605 399 780 785 763 939 1 595 422 721 957 65 116 408 562 359 113 262 786 356 974 119 717 644 295 36 339 327 362 447 959 876 547 598 834 848 432 14 258 157 921 933 969 608 822 807 325 566 942 967 181 435 252 677 272 32 645 703 52 451 651 234 556 236 80 727 260 897 502 223 844 983 200 544 902 75 469 515 519 586 641 1020 38 799 965 664 948 302 1004 484 171 278 973 185 10 592 871 197 773 564 787 823 121 473 640 373 224 994 163 510 201 673 314 306 725 53 110 385 537 730 903 417 549 620 1011 317 389 647 659 140 951 95 655 137 922 351 168 439 984 148 177 450 650 326 906 516 850 849 986 930 858 868 37 92 101 285 734 105 996 899 298 596 558 924 522 851 932 682 971 107 953 338 601 829 927 563 85 45 743 828 318 
All tests passed!
========= ERROR SUMMARY: 4 errors
